S.model(1).A=[0.969338678356698,4.787012153645281e-04,0.030075108113698;4.787012153645282e-04,0.969338678356698,0.030075108113698;0.030075108113698,0.030075108113698,0.933058914099765];
S.model(1).B=[8.004140180802870e+02,0.131175326096315;0.131175326096315,8.004140180802870e+02;12.433554524742165,12.433554524742165];
S.model(1).d=[-0.008196877991611;-0.012694881293418;0.020457867885797];

S.model(2).A=[0.969343693455437,0,0.030547670859613;0,1,0;0.030547670859613,0,0.962555322153301];
S.model(2).B=[8.004150478452075e+02,0;0,8.130081300813007e+02;12.563469791564206,0]; 
S.model(2).d=[-0.011654840261842;0;0.011493712634138];

S.model(3).A=[1,0,0;0,0.969343693455437,0.030547670859613;0,0.030547670859613,0.962555322153301];
S.model(3).B=[8.130081300813007e+02,0;0,8.004150478452075e+02;0,12.563469791564206]; 
S.model(3).d=[0;-0.006181655196466;0.005800269150889];

S.model(4).A=[1,0,0;0,1,0;0,0,0.992994612934305];
S.model(4).B=[8.130081300813009e+02,0;0,8.130081300813009e+02;0,0]; 
S.model(4).d=[0;0;-1.198289892816204e-04];